xof 0303txt 0032
template AnimTicksPerSecond {
 <9e415a43-7ba6-4a73-8743-b73d47e88476>
 DWORD AnimTicksPerSecond;
}

template Frame {
 <3d82ab46-62da-11cf-ab39-0020af71e433>
 [...]
}

template Matrix4x4 {
 <f6f23f45-7686-11cf-8f52-0040333594a3>
 array FLOAT matrix[16];
}

template FrameTransformMatrix {
 <f6f23f41-7686-11cf-8f52-0040333594a3>
 Matrix4x4 frameMatrix;
}

template Vector {
 <3d82ab5e-62da-11cf-ab39-0020af71e433>
 FLOAT x;
 FLOAT y;
 FLOAT z;
}

template MeshFace {
 <3d82ab5f-62da-11cf-ab39-0020af71e433>
 DWORD nFaceVertexIndices;
 array DWORD faceVertexIndices[nFaceVertexIndices];
}

template Mesh {
 <3d82ab44-62da-11cf-ab39-0020af71e433>
 DWORD nVertices;
 array Vector vertices[nVertices];
 DWORD nFaces;
 array MeshFace faces[nFaces];
 [...]
}

template MeshNormals {
 <f6f23f43-7686-11cf-8f52-0040333594a3>
 DWORD nNormals;
 array Vector normals[nNormals];
 DWORD nFaceNormals;
 array MeshFace faceNormals[nFaceNormals];
}

template Coords2d {
 <f6f23f44-7686-11cf-8f52-0040333594a3>
 FLOAT u;
 FLOAT v;
}

template MeshTextureCoords {
 <f6f23f40-7686-11cf-8f52-0040333594a3>
 DWORD nTextureCoords;
 array Coords2d textureCoords[nTextureCoords];
}

template ColorRGBA {
 <35ff44e0-6c7c-11cf-8f52-0040333594a3>
 FLOAT red;
 FLOAT green;
 FLOAT blue;
 FLOAT alpha;
}

template ColorRGB {
 <d3e16e81-7835-11cf-8f52-0040333594a3>
 FLOAT red;
 FLOAT green;
 FLOAT blue;
}

template Material {
 <3d82ab4d-62da-11cf-ab39-0020af71e433>
 ColorRGBA faceColor;
 FLOAT power;
 ColorRGB specularColor;
 ColorRGB emissiveColor;
 [...]
}

template MeshMaterialList {
 <f6f23f42-7686-11cf-8f52-0040333594a3>
 DWORD nMaterials;
 DWORD nFaceIndexes;
 array DWORD faceIndexes[nFaceIndexes];
 [Material <3d82ab4d-62da-11cf-ab39-0020af71e433>]
}

template TextureFilename {
 <a42790e1-7810-11cf-8f52-0040333594a3>
 STRING filename;
}

template XSkinMeshHeader {
 <3cf169ce-ff7c-44ab-93c0-f78f62d172e2>
 WORD nMaxSkinWeightsPerVertex;
 WORD nMaxSkinWeightsPerFace;
 WORD nBones;
}

template SkinWeights {
 <6f0d123b-bad2-4167-a0d0-80224f25fabb>
 STRING transformNodeName;
 DWORD nWeights;
 array DWORD vertexIndices[nWeights];
 array FLOAT weights[nWeights];
 Matrix4x4 matrixOffset;
}

template Animation {
 <3d82ab4f-62da-11cf-ab39-0020af71e433>
 [...]
}

template AnimationSet {
 <3d82ab50-62da-11cf-ab39-0020af71e433>
 [Animation <3d82ab4f-62da-11cf-ab39-0020af71e433>]
}

template FloatKeys {
 <10dd46a9-775b-11cf-8f52-0040333594a3>
 DWORD nValues;
 array FLOAT values[nValues];
}

template TimedFloatKeys {
 <f406b180-7b3b-11cf-8f52-0040333594a3>
 DWORD time;
 FloatKeys tfkeys;
}

template AnimationKey {
 <10dd46a8-775b-11cf-8f52-0040333594a3>
 DWORD keyType;
 DWORD nKeys;
 array TimedFloatKeys keys[nKeys];
}


AnimTicksPerSecond {
 4800;
}

Frame Root {
 

 FrameTransformMatrix {
  -0.002014,0.999941,0.010715,0.000000,-0.999941,-0.002129,0.010693,0.000000,0.010715,-0.010693,0.999885,0.000000,-0.024370,-0.003663,-0.020707,1.000000;;
 }

 Frame _20Pelvis {
  

  FrameTransformMatrix {
   0.000000,0.080534,0.996752,0.000000,1.000000,-0.000002,0.000000,0.000000,0.000002,0.996752,-0.080534,0.000000,-0.000000,0.020707,0.003663,1.000000;;
  }

  Frame _20Spine {
   

   FrameTransformMatrix {
    0.999428,-0.032190,-0.010364,0.000000,0.032260,0.999457,0.006670,0.000000,0.010143,-0.007001,0.999924,0.000000,-0.006328,-0.050400,0.004201,1.000000;;
   }

   Frame _20Spine1 {
    

    FrameTransformMatrix {
     0.990476,0.089247,-0.104841,0.000000,-0.087125,0.995892,0.024660,0.000000,0.106611,-0.015291,0.994183,0.000000,0.271794,-0.000165,0.000153,1.000000;;
    }

    Frame _20Neck {
     

     FrameTransformMatrix {
      0.965844,0.257596,0.028104,0.000000,-0.255443,0.964722,-0.063726,0.000000,-0.043528,0.054370,0.997571,0.000000,0.287045,-0.000026,0.000162,1.000000;;
     }

     Frame _20Head {
      

      FrameTransformMatrix {
       0.975810,-0.167385,-0.140626,0.000000,0.183363,0.976922,0.109547,0.000000,0.119044,-0.132683,0.983983,0.000000,0.119629,-0.000000,0.000000,1.000000;;
      }

      Frame Jaw {
       

       FrameTransformMatrix {
        -0.354918,0.934898,-0.000000,0.000000,-0.934897,-0.354918,-0.000000,0.000000,0.000000,0.000000,1.000000,0.000000,-0.004994,0.022900,-0.000413,1.000000;;
       }
      }

      Frame L20Brow {
       

       FrameTransformMatrix {
        0.325860,0.932385,0.156443,0.000000,-0.944009,0.329920,0.000010,0.000000,-0.051604,-0.147687,0.987687,0.000000,0.089315,-0.002571,0.023880,1.000000;;
       }
      }

      Frame R20Brow {
       

       FrameTransformMatrix {
        0.327421,0.937056,-0.121333,0.000000,-0.944029,0.329863,0.000041,0.000000,0.040062,0.114528,0.992612,0.000000,0.088710,-0.002833,-0.020287,1.000000;;
       }
      }
     }

     Frame Bip0120L20Clavicle {
      

      FrameTransformMatrix {
       -0.134493,-0.151962,0.979193,0.000000,-0.259884,-0.948171,-0.182842,0.000000,0.956228,-0.279067,0.088030,0.000000,-0.000004,0.000073,0.039183,1.000000;;
      }

      Frame _20L20UpperArm {
       

       FrameTransformMatrix {
        0.240798,-0.081448,-0.967152,0.000000,0.472833,0.880072,0.043610,0.000000,0.847611,-0.467803,0.250431,0.000000,0.154675,0.000000,0.000000,1.000000;;
       }

       Frame _20L20ForeArm {
        

        FrameTransformMatrix {
         0.975420,-0.220354,0.000000,0.000000,0.220354,0.975420,0.000000,0.000000,0.000000,0.000000,1.000000,0.000000,0.296827,-0.000000,-0.000000,1.000000;;
        }

        Frame _20L20Hand {
         

         FrameTransformMatrix {
          0.999358,0.014033,0.032972,0.000000,0.030372,0.156557,-0.987202,0.000000,-0.019015,0.987569,0.156030,0.000000,0.285961,-0.000000,0.000001,1.000000;;
         }

         Frame _20L20Finger {
          

          FrameTransformMatrix {
           0.816635,0.577153,-0.000148,0.000000,-0.577153,0.816636,-0.000465,0.000000,-0.000147,0.000465,1.000000,0.000000,0.073500,0.000001,-0.000000,1.000000;;
          }

          Frame L20Finger01 {
           

           FrameTransformMatrix {
            0.687002,0.726654,0.000000,0.000000,-0.726654,0.687004,-0.000001,0.000000,0.000001,-0.000000,1.000001,0.000000,0.046814,-0.000001,0.000000,1.000000;;
           }
          }
         }
        }
       }
      }
     }

     Frame Bip0120R20Clavicle {
      

      FrameTransformMatrix {
       -0.200701,-0.024030,-0.979358,0.000000,-0.252502,-0.964653,0.075414,0.000000,-0.946552,0.262425,0.187539,0.000000,-0.000004,0.000074,-0.039183,1.000000;;
      }

      Frame _20R20UpperArm {
       

       FrameTransformMatrix {
        0.322525,-0.064732,0.944345,0.000000,0.353420,0.933745,-0.056700,0.000000,-0.878107,0.352038,0.324034,0.000000,0.154675,0.000000,-0.000000,1.000000;;
       }

       Frame _20R20ForeArm {
        

        FrameTransformMatrix {
         0.995695,-0.092687,-0.000000,0.000000,0.092687,0.995696,-0.000000,0.000000,-0.000000,-0.000000,0.999999,0.000000,0.296827,0.000000,0.000000,1.000000;;
        }

        Frame _20R20Hand {
         

         FrameTransformMatrix {
          0.961443,0.228894,0.152432,0.000000,-0.121262,-0.144640,0.982026,0.000000,0.246828,-0.962645,-0.111308,0.000000,0.285961,0.000000,-0.000000,1.000000;;
         }

         Frame _20R20Finger {
          

          FrameTransformMatrix {
           0.357838,0.933069,0.036538,0.000000,-0.933763,0.357813,0.007466,0.000000,-0.006106,-0.036790,0.999304,0.000000,0.073500,0.000000,-0.000000,1.000000;;
          }

          Frame R20Finger01 {
           

           FrameTransformMatrix {
            0.682376,0.731002,-0.000001,0.000000,-0.731000,0.682378,-0.000001,0.000000,0.000002,-0.000001,0.999999,0.000000,0.046814,-0.000000,0.000000,1.000000;;
           }
          }
         }
        }
       }
      }
     }
    }

    Frame L20breast {
     

     FrameTransformMatrix {
      0.156381,0.987148,0.032918,0.000000,-0.954846,0.142572,0.260657,0.000000,0.252614,-0.072193,0.964870,0.000000,0.136936,-0.068418,0.101134,1.000000;;
     }
    }

    Frame R20breast {
     

     FrameTransformMatrix {
      0.099907,0.994361,-0.035555,0.000000,-0.989826,0.095686,-0.105304,0.000000,-0.101308,0.045713,0.993804,0.000000,0.139514,-0.068442,-0.099499,1.000000;;
     }
    }
   }

   Frame Belly {
    

    FrameTransformMatrix {
     0.032801,0.999462,-0.000000,0.000000,-0.999462,0.032801,0.000000,0.000000,-0.000000,-0.000000,1.000000,0.000000,0.106550,-0.069884,-0.000348,1.000000;;
    }
   }
  }

  Frame _20L20Thigh {
   

   FrameTransformMatrix {
    -0.962638,0.212058,0.168402,0.000000,0.246082,0.944597,0.217209,0.000000,-0.113011,0.250534,-0.961489,0.000000,-0.000000,0.000000,0.105593,1.000000;;
   }

   Frame _20L20Calf {
    

    FrameTransformMatrix {
     0.882186,-0.470902,-0.000000,0.000000,0.470902,0.882186,-0.000000,0.000000,0.000000,-0.000000,1.000000,0.000000,0.457175,0.000000,-0.000001,1.000000;;
    }

    Frame _20L20Foot {
     

     FrameTransformMatrix {
      0.969615,0.232641,0.075660,0.000000,-0.217604,0.961507,-0.167787,0.000000,-0.111782,0.146225,0.982916,0.000000,0.388864,0.000000,-0.000000,1.000000;;
     }

     Frame _20L20Toe0 {
      

      FrameTransformMatrix {
       -0.042461,0.999098,-0.000338,0.000000,-0.999098,-0.042461,0.000352,0.000000,0.000338,0.000352,1.000000,0.000000,0.145512,0.111474,-0.000000,1.000000;;
      }
     }
    }
   }
  }

  Frame _20R20Thigh {
   

   FrameTransformMatrix {
    -0.988904,0.124226,0.081472,0.000000,0.109775,0.980555,-0.162670,0.000000,-0.100096,-0.151921,-0.983311,0.000000,0.000000,-0.000000,-0.105594,1.000000;;
   }

   Frame _20R20Calf {
    

    FrameTransformMatrix {
     0.946802,-0.321817,0.000000,0.000000,0.321817,0.946802,0.000000,0.000000,-0.000000,-0.000000,1.000000,0.000000,0.457175,0.000000,0.000000,1.000000;;
    }

    Frame _20R20Foot {
     

     FrameTransformMatrix {
      0.978439,0.197480,0.060488,0.000000,-0.203796,0.970674,0.127516,0.000000,-0.033532,-0.137094,0.989990,0.000000,0.388865,-0.000000,0.000000,1.000000;;
     }

     Frame _20R20Toe0 {
      

      FrameTransformMatrix {
       -0.000345,1.000000,-0.000000,0.000000,-1.000000,-0.000345,0.000000,0.000000,-0.000000,-0.000000,1.000000,0.000000,0.146039,0.113550,0.000000,1.000000;;
      }
     }
    }
   }
  }
 }
}

Frame Skin_Mesh {
 

 FrameTransformMatrix {
  0.000001,-0.000001,1.000000,0.000000,1.000000,0.000001,-0.000001,0.000000,-0.000001,1.000000,0.000001,0.000000,-0.020707,-0.003663,0.000000,1.000000;;
 }

 Mesh {
  979;
  -0.984868;-0.071741;0.120315;,
  -0.984868;-0.073881;0.216253;,
  -0.984121;-0.002938;0.128841;,
  -0.984867;-0.071741;-0.113236;,
  -0.984121;-0.002938;-0.121762;,
  -0.984867;-0.073882;-0.209173;,
  -0.983620;-0.119169;-0.161153;,
  -0.984128;-0.015307;0.227570;,
  -0.984128;-0.015307;-0.220491;,
  -0.983906;0.084293;0.242511;,
  -0.984235;0.164165;0.218625;,
  -0.984117;0.168938;0.141101;,
  -0.983905;0.084293;-0.235432;,
  -0.984117;0.168938;-0.134023;,
  -0.984234;0.164165;-0.211547;,
  -0.984128;-0.015307;0.227570;,
  -0.984121;-0.002938;0.128841;,
  -0.984128;-0.015307;-0.220491;,
  -0.984121;-0.002938;-0.121762;,
  -0.983901;0.089354;0.116358;,
  -0.983901;0.089354;-0.109279;,
  -0.981631;-0.120050;0.168143;,
  -0.982351;0.186931;0.180712;,
  -0.982350;0.186931;-0.173633;,
  -0.984235;0.164165;0.218625;,
  -0.983906;0.084293;0.242511;,
  -0.951272;0.084293;0.240798;,
  -0.984234;0.164165;-0.211547;,
  -0.951271;0.084293;-0.233719;,
  -0.983905;0.084293;-0.235432;,
  -0.984117;0.168938;0.141101;,
  -0.951272;0.089211;0.116582;,
  -0.983901;0.089354;0.116358;,
  -0.984117;0.168938;-0.134023;,
  -0.983901;0.089354;-0.109279;,
  -0.951271;0.089211;-0.109503;,
  -0.982351;0.186931;0.180712;,
  -0.952235;0.160208;0.214104;,
  -0.982350;0.186931;-0.173633;,
  -0.952235;0.160208;-0.207025;,
  -0.984128;-0.015307;0.227570;,
  -0.950702;-0.016683;0.232935;,
  -0.950701;-0.016683;-0.225856;,
  -0.984128;-0.015307;-0.220491;,
  -0.982351;0.186931;0.180712;,
  -0.952235;0.164806;0.142909;,
  -0.982350;0.186931;-0.173633;,
  -0.952235;0.164805;-0.135830;,
  -0.950338;-0.004495;0.119636;,
  -0.984121;-0.002938;0.128841;,
  -0.984121;-0.002938;-0.121762;,
  -0.950338;-0.004495;-0.112556;,
  -0.984868;-0.073881;0.216253;,
  -0.946887;-0.075197;0.214484;,
  -0.946887;-0.075197;-0.207405;,
  -0.984867;-0.073882;-0.209173;,
  -0.945491;-0.071044;0.117592;,
  -0.984868;-0.071741;0.120315;,
  -0.984867;-0.071741;-0.113236;,
  -0.945491;-0.071044;-0.110513;,
  -0.983620;-0.119169;-0.161153;,
  -0.934027;-0.123998;-0.159720;,
  -0.934027;-0.123998;-0.159720;,
  -0.983620;-0.119169;-0.161153;,
  -0.981631;-0.120050;0.168143;,
  -0.933818;-0.123242;0.169569;,
  -0.933818;-0.123242;0.169569;,
  -0.981631;-0.120050;0.168143;,
  -0.950530;0.183697;0.180415;,
  -0.950530;0.183697;0.180415;,
  -0.950530;0.183696;-0.173337;,
  -0.950530;0.183696;-0.173337;,
  -0.930573;0.114876;0.217071;,
  -0.930573;0.117781;0.135944;,
  -0.930572;0.117781;-0.128865;,
  -0.930572;0.114876;-0.209992;,
  -0.922301;0.135360;0.177946;,
  -0.922301;0.135360;0.177946;,
  -0.922300;0.135360;-0.170867;,
  -0.922300;0.135360;-0.170867;,
  -0.906590;0.066494;0.224725;,
  -0.906589;0.066493;-0.217646;,
  -0.907963;-0.056265;0.116581;,
  -0.945491;-0.071044;0.117592;,
  -0.950338;-0.004495;0.119636;,
  -0.907963;-0.063192;-0.109501;,
  -0.950338;-0.004495;-0.112556;,
  -0.945491;-0.071044;-0.110513;,
  -0.950702;-0.016683;0.232935;,
  -0.946887;-0.075197;0.214484;,
  -0.903899;-0.090767;0.216995;,
  -0.950701;-0.016683;-0.225856;,
  -0.903898;-0.084400;-0.209916;,
  -0.946887;-0.075197;-0.207405;,
  -0.898969;0.054560;0.126725;,
  -0.898969;0.054560;-0.119646;,
  -0.934027;-0.123998;-0.159720;,
  -0.933818;-0.123242;0.169569;,
  -0.901741;-0.128409;-0.157544;,
  -0.901741;-0.128409;0.165841;,
  -0.907963;-0.056265;0.116581;,
  -0.950338;-0.004495;0.119636;,
  -0.903177;0.058112;0.119090;,
  -0.907963;-0.063192;-0.109501;,
  -0.903177;0.058112;-0.112011;,
  -0.950338;-0.004495;-0.112556;,
  -0.905041;0.068162;0.239457;,
  -0.900326;-0.030104;0.230797;,
  -0.905041;0.068162;-0.232378;,
  -0.899824;-0.024008;-0.235198;,
  -0.902074;0.103092;0.175793;,
  -0.902074;0.103092;0.175793;,
  -0.902074;0.103091;-0.168714;,
  -0.902074;0.103091;-0.168714;,
  -0.835638;-0.016240;0.208206;,
  -0.950702;-0.016683;0.232935;,
  -0.835637;-0.016241;-0.201127;,
  -0.950701;-0.016683;-0.225856;,
  -0.839279;-0.012095;0.147771;,
  -0.950338;-0.004495;0.119636;,
  -0.839278;-0.012095;-0.140692;,
  -0.950338;-0.004495;-0.112556;,
  -0.831630;0.011017;0.181108;,
  -0.831630;0.011017;-0.174029;,
  -0.831630;0.011017;0.181108;,
  -0.831630;0.011017;-0.174029;,
  -0.763242;-0.111452;0.145661;,
  -0.763241;-0.111453;-0.138581;,
  -0.757862;-0.031825;0.109445;,
  -0.757861;-0.031825;-0.102366;,
  -0.759824;-0.120838;0.198510;,
  -0.759824;-0.120839;-0.191430;,
  -0.760632;-0.053611;0.236886;,
  -0.760632;-0.053611;-0.229806;,
  -0.743347;-0.002678;0.232174;,
  -0.743346;-0.002678;-0.225094;,
  -0.882755;0.091281;0.181649;,
  -0.882754;0.091280;-0.174570;,
  -0.757862;-0.031825;0.109445;,
  -0.757861;-0.031825;-0.102366;,
  -0.745473;0.040629;0.173215;,
  -0.745472;0.040628;-0.166135;,
  -0.609199;-0.099144;0.115897;,
  -0.609199;-0.099145;-0.108817;,
  -0.606045;-0.121291;0.148700;,
  -0.606044;-0.121291;-0.141619;,
  -0.617255;-0.008858;0.109173;,
  -0.617255;-0.008859;-0.102093;,
  -0.599128;-0.112770;0.199905;,
  -0.599127;-0.112771;-0.192825;,
  -0.602996;-0.040962;0.231358;,
  -0.602995;-0.045205;-0.224278;,
  -0.600769;0.035873;0.177180;,
  -0.596484;0.035873;-0.174224;,
  -0.611258;-0.050452;0.099812;,
  -0.611258;-0.050452;0.099812;,
  -0.596993;-0.050453;-0.092732;,
  -0.596993;-0.050453;-0.092732;,
  -0.520127;-0.030465;0.101970;,
  -0.520127;-0.030465;0.101970;,
  -0.520126;-0.030466;-0.094889;,
  -0.509457;0.048787;0.121804;,
  -0.513451;0.048787;-0.114724;,
  -0.520126;-0.030466;-0.094889;,
  -0.498285;-0.099340;0.135254;,
  -0.498284;-0.099340;-0.128173;,
  -0.498785;0.041182;0.174235;,
  -0.493696;-0.096444;0.177105;,
  -0.493695;-0.096444;-0.170024;,
  -0.498784;0.041182;-0.167154;,
  -0.482448;-0.038565;0.205097;,
  -0.482447;-0.038565;-0.198016;,
  -0.462236;-0.028755;-0.076778;,
  -0.462236;-0.028755;0.083859;,
  -0.462236;-0.028755;0.083859;,
  -0.462236;-0.028755;-0.076778;,
  -0.454697;0.046101;-0.164587;,
  -0.454698;0.046101;0.171667;,
  -0.458056;0.051336;-0.112005;,
  -0.458056;0.051336;0.119086;,
  -0.422742;-0.091466;0.120625;,
  -0.422742;-0.091466;-0.113544;,
  -0.418168;-0.087397;0.167061;,
  -0.418167;-0.087398;-0.159980;,
  -0.411010;-0.031462;0.199792;,
  -0.411009;-0.031462;-0.192711;,
  -0.412671;0.055689;0.115594;,
  -0.412671;0.055689;-0.108513;,
  -0.418503;-0.025749;0.082438;,
  -0.418503;-0.025750;-0.075357;,
  -0.418503;-0.025749;0.082438;,
  -0.418503;-0.025750;-0.075357;,
  -0.406156;0.050455;0.167989;,
  -0.406155;0.050455;-0.160909;,
  -0.325702;0.063337;0.071407;,
  -0.210205;-0.049347;0.018429;,
  -0.210205;-0.049347;-0.011348;,
  -0.212839;0.000586;-0.007693;,
  -0.172561;-0.087799;0.081028;,
  -0.172561;-0.087799;-0.073947;,
  -0.153603;-0.010798;0.208541;,
  -0.153602;-0.010798;-0.201459;,
  -0.140729;0.112034;-0.079375;,
  -0.139293;0.112034;0.086456;,
  -0.212839;0.000586;0.014774;,
  -0.160877;0.090442;0.037640;,
  -0.212839;0.000586;0.014774;,
  -0.212839;0.000586;-0.007693;,
  -0.190967;0.057713;-0.004481;,
  -0.160877;0.090442;-0.030559;,
  -0.167046;-0.077597;0.162274;,
  -0.164821;-0.077598;-0.155192;,
  -0.190967;0.057713;0.011562;,
  -0.145968;0.090589;0.158811;,
  -0.145967;0.092841;-0.154673;,
  -0.212839;0.000586;0.014774;,
  -0.212839;0.000586;-0.007693;,
  -0.210205;-0.049347;0.018429;,
  -0.210205;-0.049347;-0.011348;,
  -0.212839;0.000586;-0.007693;,
  -0.212839;0.000586;0.014774;,
  -0.190967;0.057713;0.011562;,
  -0.144103;-0.062364;0.003541;,
  -0.155713;-0.076792;0.022308;,
  -0.155713;-0.076792;-0.015227;,
  -0.190967;0.057713;-0.004481;,
  -0.190967;0.057713;0.011562;,
  -0.143111;0.110470;0.003541;,
  -0.149100;-0.049570;0.576309;,
  -0.144069;-0.047449;0.586683;,
  -0.142575;-0.016047;0.570976;,
  -0.149098;-0.049572;-0.569088;,
  -0.142574;-0.016049;-0.563755;,
  -0.144068;-0.047451;-0.579462;,
  -0.135615;-0.013045;0.576468;,
  -0.135614;-0.013047;-0.569246;,
  -0.124505;-0.095967;0.572731;,
  -0.124503;-0.095968;-0.565510;,
  -0.126786;-0.098068;0.564817;,
  -0.126785;-0.098070;-0.557595;,
  -0.103413;-0.057439;0.549173;,
  -0.149100;-0.049570;0.576309;,
  -0.142575;-0.016047;0.570976;,
  -0.103412;-0.057441;-0.541951;,
  -0.142574;-0.016049;-0.563755;,
  -0.149098;-0.049572;-0.569088;,
  -0.046337;-0.133355;0.139225;,
  -0.046336;-0.133355;-0.132003;,
  -0.100140;-0.005424;0.561285;,
  -0.100139;-0.005426;-0.554064;,
  -0.126786;-0.098068;0.564817;,
  -0.126785;-0.098070;-0.557595;,
  -0.042466;-0.120516;0.003461;,
  -0.092850;-0.099958;0.559920;,
  -0.092849;-0.099959;-0.552698;,
  -0.038755;-0.085546;0.187666;,
  -0.038755;-0.085547;-0.180514;,
  -0.105392;-0.011389;0.549594;,
  -0.105391;-0.011391;-0.542372;,
  -0.105392;-0.011389;0.549594;,
  -0.105391;-0.011391;-0.542372;,
  -0.094168;-0.047281;0.566014;,
  -0.094167;-0.047283;-0.558792;,
  -0.100809;-0.105206;0.548723;,
  -0.100808;-0.105207;-0.541501;,
  -0.018627;0.123776;0.045335;,
  -0.018627;0.123776;-0.038178;,
  -0.100809;-0.105206;0.548723;,
  -0.100808;-0.105207;-0.541501;,
  -0.008229;0.060399;0.194512;,
  -0.008228;0.060398;-0.181781;,
  -0.016301;0.113962;-0.132647;,
  -0.016301;0.110792;0.142404;,
  -0.099315;0.009946;0.494170;,
  -0.096080;0.004334;0.510850;,
  -0.099436;0.015567;0.503426;,
  -0.099314;0.009945;-0.486949;,
  -0.099435;0.015566;-0.496205;,
  -0.096079;0.004333;-0.503629;,
  -0.095686;-0.002849;0.499591;,
  -0.095685;-0.002851;-0.492370;,
  -0.099436;0.015567;0.503426;,
  -0.075999;0.002890;0.488171;,
  -0.099315;0.009946;0.494170;,
  -0.099435;0.015566;-0.496205;,
  -0.099314;0.009945;-0.486949;,
  -0.075998;0.002888;-0.480950;,
  -0.075999;0.002890;0.488171;,
  -0.075998;0.002888;-0.480950;,
  -0.096080;0.004334;0.510850;,
  -0.075005;-0.001068;0.511097;,
  -0.075004;-0.001069;-0.503875;,
  -0.096079;0.004333;-0.503629;,
  -0.060216;-0.005333;0.525935;,
  -0.060215;-0.005335;-0.518713;,
  -0.077204;-0.014876;0.497402;,
  -0.077202;-0.014878;-0.490181;,
  -0.043130;-0.132539;0.081116;,
  -0.043129;-0.132539;-0.073958;,
  -0.053460;-0.105847;0.515989;,
  -0.053458;-0.105848;-0.508767;,
  -0.051103;-0.002598;0.535203;,
  -0.051102;-0.002599;-0.527982;,
  -0.076816;0.008840;0.500190;,
  -0.076814;0.008838;-0.492969;,
  -0.075005;-0.001068;0.511097;,
  -0.075004;-0.001069;-0.503875;,
  -0.042473;-0.099832;0.536712;,
  -0.042471;-0.099833;-0.529491;,
  -0.041369;-0.049579;0.550864;,
  -0.041368;-0.049581;-0.543642;,
  -0.060216;-0.005333;0.525935;,
  -0.060215;-0.005335;-0.518713;,
  -0.017270;-0.012754;0.206312;,
  -0.011595;-0.012755;-0.201459;,
  -0.050245;-0.024833;0.492391;,
  -0.050244;-0.024834;-0.485169;,
  -0.053460;-0.105847;0.515989;,
  -0.053458;-0.105848;-0.508767;,
  -0.044744;0.000836;0.505529;,
  -0.044743;0.000834;-0.498307;,
  -0.036453;-0.003603;0.476657;,
  -0.036452;-0.003604;-0.469436;,
  -0.034320;0.009839;0.487801;,
  -0.034319;0.009838;-0.480579;,
  -0.016903;0.124706;0.003556;,
  -0.016903;0.124706;0.003556;,
  -0.044744;0.000836;0.505529;,
  -0.044743;0.000834;-0.498307;,
  -0.044744;0.000836;0.505529;,
  -0.044743;0.000834;-0.498307;,
  -0.044744;0.000836;0.505529;,
  -0.050245;-0.024833;0.492391;,
  -0.044743;0.000834;-0.498307;,
  -0.050244;-0.024834;-0.485169;,
  -0.033201;-0.101417;0.491423;,
  -0.033200;-0.101419;-0.484201;,
  -0.036453;-0.003603;0.476657;,
  -0.036452;-0.003604;-0.469436;,
  -0.034590;-0.049274;0.486025;,
  -0.034589;-0.049275;-0.478803;,
  -0.046337;-0.133355;0.139225;,
  -0.043130;-0.132539;0.081116;,
  -0.049741;-0.149227;0.080726;,
  -0.046336;-0.133355;-0.132003;,
  -0.049741;-0.149227;-0.073504;,
  -0.043129;-0.132539;-0.073958;,
  -0.046313;-0.150119;0.003452;,
  -0.042466;-0.120516;0.003461;,
  -0.046313;-0.150119;0.003452;,
  -0.043130;-0.132539;0.081116;,
  -0.043129;-0.132539;-0.073958;,
  -0.036453;-0.003603;0.476657;,
  -0.036452;-0.003604;-0.469436;,
  0.006477;-0.000095;0.489973;,
  0.006479;-0.000096;-0.482752;,
  0.007482;-0.015519;0.509812;,
  0.007483;-0.015520;-0.502591;,
  0.012536;-0.090992;0.512687;,
  0.012538;-0.090994;-0.505465;,
  -0.033201;-0.101417;0.491423;,
  -0.033200;-0.101419;-0.484201;,
  0.006477;-0.000095;0.489973;,
  0.006479;-0.000096;-0.482752;,
  0.010997;-0.021918;0.473798;,
  0.010998;-0.021919;-0.466576;,
  0.037645;-0.137157;0.143631;,
  -0.046337;-0.133355;0.139225;,
  -0.049741;-0.149227;0.080726;,
  0.037646;-0.137157;-0.136408;,
  -0.049741;-0.149227;-0.073504;,
  -0.046336;-0.133355;-0.132003;,
  -0.046313;-0.150119;0.003452;,
  0.037716;-0.156987;0.003611;,
  0.014465;-0.093735;0.478647;,
  0.014467;-0.093737;-0.471425;,
  -0.038755;-0.085546;0.187666;,
  0.050301;-0.074175;0.197024;,
  -0.038755;-0.085547;-0.180514;,
  0.050302;-0.074176;-0.189802;,
  0.010997;-0.021918;0.473798;,
  0.010998;-0.021919;-0.466576;,
  0.015650;-0.053237;0.524532;,
  0.015651;-0.053239;-0.517310;,
  0.014465;-0.093735;0.478647;,
  0.014467;-0.093737;-0.471425;,
  -0.017270;-0.012754;0.206312;,
  -0.011595;-0.012755;-0.201459;,
  -0.016903;0.124706;0.003556;,
  -0.018627;0.123776;0.045335;,
  0.059963;0.125873;0.003611;,
  -0.018627;0.123776;-0.038178;,
  -0.016301;0.110792;0.142404;,
  0.071297;0.119495;0.115024;,
  0.071298;0.119495;-0.107802;,
  -0.016301;0.113962;-0.132647;,
  -0.017270;-0.012754;0.206312;,
  0.062533;-0.006124;0.209537;,
  -0.008229;0.060399;0.194512;,
  0.028311;-0.018854;0.498534;,
  0.028312;-0.018855;-0.491312;,
  -0.008228;0.060398;-0.181781;,
  0.062534;-0.006125;-0.204267;,
  -0.011595;-0.012755;-0.201459;,
  0.010997;-0.021918;0.473798;,
  0.010998;-0.021919;-0.466576;,
  0.071112;0.068320;0.180075;,
  -0.016301;0.110792;0.142404;,
  0.071112;0.073419;-0.172854;,
  -0.016301;0.113962;-0.132647;,
  0.031211;-0.052784;0.511587;,
  0.031212;-0.052785;-0.504366;,
  0.029605;-0.083712;0.508730;,
  0.029607;-0.083713;-0.501508;,
  0.014465;-0.093735;0.478647;,
  0.010997;-0.021918;0.473798;,
  0.037592;-0.084134;0.470338;,
  0.014467;-0.093737;-0.471425;,
  0.037593;-0.084135;-0.463116;,
  0.010998;-0.021919;-0.466576;,
  0.036167;-0.027138;0.468656;,
  0.036168;-0.027139;-0.461434;,
  0.028311;-0.018854;0.498534;,
  0.045968;-0.021994;0.483600;,
  0.045969;-0.021995;-0.476378;,
  0.028312;-0.018855;-0.491312;,
  0.014465;-0.093735;0.478647;,
  0.046598;-0.087498;0.484804;,
  0.029605;-0.083712;0.508730;,
  0.014467;-0.093737;-0.471425;,
  0.029607;-0.083713;-0.501508;,
  0.046599;-0.087499;-0.477582;,
  0.062533;-0.006124;0.209537;,
  0.037592;-0.084134;0.470338;,
  0.037593;-0.084135;-0.463116;,
  0.062534;-0.006125;-0.204267;,
  0.031211;-0.052784;0.511587;,
  0.053460;-0.052251;0.498663;,
  0.053461;-0.052252;-0.491441;,
  0.031212;-0.052785;-0.504366;,
  0.140298;-0.133587;0.130900;,
  0.140299;-0.133587;-0.123677;,
  0.144035;-0.072175;0.191196;,
  0.144035;-0.072176;-0.183974;,
  0.136697;-0.011940;0.211743;,
  0.136697;-0.011941;-0.204521;,
  0.123204;0.120836;0.102843;,
  0.123204;0.120836;-0.099317;,
  0.182149;-0.054004;-0.337229;,
  0.187088;-0.047795;0.341619;,
  0.136501;0.063905;0.178708;,
  0.136502;0.070299;-0.165370;,
  0.208975;0.000590;-0.377591;,
  0.216041;0.000591;0.379548;,
  0.214728;-0.099597;-0.377368;,
  0.121762;0.129481;0.003611;,
  0.221794;-0.099596;0.379326;,
  0.142783;-0.163541;0.003611;,
  0.226823;-0.078013;-0.412701;,
  0.230672;-0.038645;-0.415377;,
  0.233888;-0.078012;0.414659;,
  0.136697;-0.011940;0.211743;,
  0.136697;-0.011941;-0.204521;,
  0.237737;-0.038644;0.420956;,
  0.191465;-0.024399;-0.353115;,
  0.182149;-0.054004;-0.337229;,
  0.195689;-0.088736;-0.348097;,
  0.192358;-0.024398;0.358940;,
  0.187088;-0.047795;0.341619;,
  0.202755;-0.088735;0.350055;,
  0.262327;0.110215;0.070468;,
  0.262327;0.110214;-0.064354;,
  0.252488;0.036178;0.180802;,
  0.252488;0.036177;-0.173580;,
  0.244637;-0.027212;0.209743;,
  0.244638;-0.027213;-0.202521;,
  0.249742;-0.112424;0.151137;,
  0.249742;-0.105725;-0.145351;,
  0.261320;-0.152152;0.097833;,
  0.261320;-0.152152;-0.086225;,
  0.247346;-0.046591;-0.310714;,
  0.247345;-0.046590;0.317937;,
  0.250612;-0.080757;-0.324439;,
  0.244637;-0.027212;0.209743;,
  0.244638;-0.027213;-0.202521;,
  0.258541;0.091892;0.120574;,
  0.258542;0.091891;-0.114600;,
  0.250611;-0.080756;0.331661;,
  0.263663;0.117882;0.003611;,
  0.264952;-0.008537;-0.337481;,
  0.264951;-0.008536;0.344704;,
  0.270221;-0.164559;0.003611;,
  0.247346;-0.046591;-0.310714;,
  0.270710;-0.091380;-0.344465;,
  0.247345;-0.046590;0.317937;,
  0.253923;-0.022587;0.332919;,
  0.270709;-0.091379;0.351687;,
  0.287344;-0.041389;-0.363053;,
  0.287343;-0.041388;0.370275;,
  0.260292;-0.080577;0.323269;,
  0.260293;-0.080578;-0.316046;,
  0.283629;-0.071595;-0.368352;,
  0.280416;-0.027986;0.303614;,
  0.283628;-0.071594;0.375575;,
  0.281152;-0.093274;0.343999;,
  0.281152;-0.093275;-0.336776;,
  0.283825;-0.048288;-0.288327;,
  0.288818;-0.080207;0.301611;,
  0.288819;-0.080208;-0.294389;,
  0.294973;-0.012970;0.321013;,
  0.280416;-0.027986;0.303614;,
  0.283825;-0.048288;-0.288327;,
  0.294973;-0.012971;-0.313791;,
  0.309333;-0.092409;0.325071;,
  0.309334;-0.092410;-0.317848;,
  0.358026;0.025956;0.185030;,
  0.358027;0.025955;-0.177807;,
  0.293823;-0.072348;0.368197;,
  0.293824;-0.072349;-0.360975;,
  0.365748;-0.104032;0.170284;,
  0.365749;-0.104032;-0.163061;,
  0.321247;-0.001865;0.292134;,
  0.316268;-0.038152;0.343946;,
  0.316269;-0.038153;-0.336723;,
  0.323904;-0.073995;0.348153;,
  0.323905;-0.073996;-0.340930;,
  0.323384;-0.000765;-0.286856;,
  0.391354;0.064514;0.132514;,
  0.391354;0.064514;-0.125292;,
  0.394416;0.092028;0.055195;,
  0.394416;0.092028;-0.047973;,
  0.352446;-0.044532;0.229138;,
  0.391920;-0.161017;0.003612;,
  0.352447;-0.044533;-0.221916;,
  0.352446;-0.044532;0.229138;,
  0.354104;-0.042476;0.200954;,
  0.354104;-0.042476;-0.193732;,
  0.352447;-0.044533;-0.221916;,
  0.354104;-0.042476;0.200954;,
  0.354104;-0.042476;-0.193732;,
  0.409581;-0.091832;0.256298;,
  0.409582;-0.091832;-0.249075;,
  0.367911;-0.095570;0.235868;,
  0.367912;-0.095571;-0.228645;,
  0.389485;-0.140533;0.143791;,
  0.397347;-0.140533;-0.138620;,
  0.393012;0.098318;0.003611;,
  0.418814;-0.017030;0.276857;,
  0.423171;-0.079428;0.283392;,
  0.423171;-0.079429;-0.276169;,
  0.418815;-0.017031;-0.269634;,
  0.387109;-0.018699;0.218250;,
  0.421670;-0.050251;0.293606;,
  0.421671;-0.050252;-0.286383;,
  0.387109;-0.018699;-0.211027;,
  0.386822;-0.055307;-0.188226;,
  0.404532;0.001810;0.211490;,
  0.404533;0.001810;-0.204267;,
  0.399264;-0.109893;0.188140;,
  0.399264;-0.109894;-0.180917;,
  0.413632;-0.003677;0.231834;,
  0.413633;-0.003677;-0.224611;,
  0.386822;-0.055307;-0.188226;,
  0.418515;-0.055307;0.182178;,
  0.418515;-0.055307;0.182178;,
  0.408361;-0.101775;-0.207604;,
  0.408361;-0.101775;0.214827;,
  0.439461;0.033862;0.183689;,
  0.439461;0.033862;-0.176467;,
  0.399264;-0.109893;0.188140;,
  0.437981;-0.055301;0.178779;,
  0.354104;-0.042476;0.200954;,
  0.418286;-0.031493;-0.190322;,
  0.399264;-0.109894;-0.180917;,
  0.354104;-0.042476;-0.193732;,
  0.439110;-0.044288;-0.160398;,
  0.437981;-0.055301;0.178779;,
  0.404532;0.001810;0.211490;,
  0.354104;-0.042476;0.200954;,
  0.439110;-0.044288;-0.160398;,
  0.354104;-0.042476;-0.193732;,
  0.404533;0.001810;-0.204267;,
  0.408962;-0.098797;-0.180662;,
  0.418477;-0.031493;0.192268;,
  0.444450;0.060544;0.141123;,
  0.444450;0.060544;-0.133900;,
  0.443348;0.076165;0.056626;,
  0.443348;0.076165;-0.049404;,
  0.441335;-0.006671;-0.199684;,
  0.441920;-0.006670;0.196229;,
  0.439110;-0.044288;-0.160398;,
  0.454313;-0.095819;-0.155072;,
  0.399831;-0.107837;0.183033;,
  0.452859;-0.088777;0.168598;,
  0.437098;-0.098797;0.177884;,
  0.484928;-0.108993;0.183606;,
  0.437981;-0.055301;0.178779;,
  0.494923;-0.149454;0.003612;,
  0.439110;-0.044288;-0.160398;,
  0.485925;-0.108994;-0.176382;,
  0.399264;-0.109893;0.188140;,
  0.484928;-0.108993;0.183606;,
  0.467917;-0.102458;0.235593;,
  0.467918;-0.102459;-0.228370;,
  0.446847;-0.020130;0.188701;,
  0.454313;-0.095819;-0.155072;,
  0.458686;-0.009665;-0.174756;,
  0.485925;-0.108994;-0.176382;,
  0.446847;-0.020130;0.188701;,
  0.441920;-0.006670;0.196229;,
  0.437098;-0.098797;0.177884;,
  0.418515;-0.055307;0.182178;,
  0.452859;-0.088777;0.168598;,
  0.437981;-0.055301;0.178779;,
  0.458686;-0.009665;-0.174756;,
  0.483908;-0.009451;0.253926;,
  0.483909;-0.009451;-0.246703;,
  0.484928;-0.108993;0.183606;,
  0.487977;-0.076982;0.259897;,
  0.487977;-0.076983;-0.252674;,
  0.496754;0.051944;0.003611;,
  0.399264;-0.109894;-0.180917;,
  0.485925;-0.108994;-0.176382;,
  0.509064;0.001547;0.189355;,
  0.509064;0.001546;-0.182132;,
  0.509064;0.001547;0.189355;,
  0.404532;0.001810;0.211490;,
  0.509064;0.001546;-0.182132;,
  0.509064;0.001547;0.189355;,
  0.495874;-0.144298;0.112190;,
  0.509064;0.001546;-0.182132;,
  0.404533;0.001810;-0.204267;,
  0.495875;-0.144298;-0.110496;,
  0.504687;0.025535;0.147154;,
  0.504687;0.025535;-0.139931;,
  0.497328;-0.046517;0.268009;,
  0.497328;-0.046517;-0.260786;,
  0.496902;0.046053;0.049875;,
  0.496902;0.046053;-0.042652;,
  0.500960;0.054720;0.056329;,
  0.500961;0.054720;-0.049106;,
  0.520235;-0.079968;0.235623;,
  0.520236;-0.079968;-0.228399;,
  0.521417;-0.015981;0.233498;,
  0.521418;-0.015981;-0.226275;,
  0.550564;-0.117300;0.106129;,
  0.550564;-0.117300;-0.104435;,
  0.541464;0.021313;0.046742;,
  0.541464;0.021313;-0.039519;,
  0.549240;-0.123902;0.003612;,
  0.539760;-0.077752;0.186476;,
  0.539761;-0.077753;-0.179253;,
  0.542308;0.020119;-0.064934;,
  0.531801;-0.044738;0.236618;,
  0.531802;-0.044739;-0.229395;,
  0.537949;-0.025971;0.182449;,
  0.537950;-0.025972;-0.175226;,
  0.546279;0.021556;0.072713;,
  0.537949;-0.025971;0.182449;,
  0.537950;-0.025972;-0.175226;,
  0.531748;0.033748;0.003611;,
  0.539760;-0.077752;0.186476;,
  0.539761;-0.077753;-0.179253;,
  0.543053;0.010501;-0.104035;,
  0.547219;0.010488;0.108911;,
  0.555600;0.033196;-0.049558;,
  0.546044;-0.050513;0.183588;,
  0.546045;-0.050514;-0.176365;,
  0.557566;0.033661;0.056781;,
  0.565002;0.008821;0.026758;,
  0.565002;0.008821;-0.019535;,
  0.574653;-0.027001;-0.085779;,
  0.546044;-0.050513;0.183588;,
  0.573254;-0.028457;0.091521;,
  0.561486;0.015470;0.003667;,
  0.546045;-0.050514;-0.176365;,
  0.572266;-0.008902;-0.038967;,
  0.572266;-0.008902;0.046191;,
  0.586077;-0.078574;0.069121;,
  0.546044;-0.050513;0.183588;,
  0.546045;-0.050514;-0.176365;,
  0.586077;-0.078574;-0.061898;,
  0.578959;0.006482;-0.058333;,
  0.572266;-0.008902;0.046191;,
  0.572266;-0.008902;-0.038967;,
  0.578959;0.007305;0.065556;,
  0.583171;-0.048798;0.085759;,
  0.583171;-0.048798;-0.078536;,
  0.583171;-0.048798;0.085759;,
  0.583171;-0.048798;-0.078536;,
  0.582545;-0.101651;0.003612;,
  0.590859;-0.026882;0.056610;,
  0.590859;-0.026882;-0.049386;,
  0.595388;-0.025667;0.067795;,
  0.595388;-0.025668;-0.060572;,
  0.633956;0.024633;0.003778;,
  0.565002;0.008821;-0.019535;,
  0.561486;0.015470;0.003667;,
  0.565002;0.008821;0.026758;,
  0.586077;-0.078574;0.069121;,
  0.600954;-0.046568;0.059208;,
  0.583171;-0.048798;0.085759;,
  0.586077;-0.078574;-0.061898;,
  0.583171;-0.048798;-0.078536;,
  0.600954;-0.046568;-0.051985;,
  0.582545;-0.101651;0.003612;,
  0.608618;-0.087224;0.003659;,
  0.600954;-0.046568;0.059208;,
  0.600954;-0.046568;-0.051985;,
  0.572266;-0.008902;0.046191;,
  0.650155;0.010797;0.041541;,
  0.572266;-0.008902;-0.038967;,
  0.650155;0.010796;-0.033984;,
  0.608760;-0.072914;0.035484;,
  0.608760;-0.072914;-0.028260;,
  0.590859;-0.026882;0.056610;,
  0.590859;-0.026882;-0.049386;,
  0.633956;0.024633;0.003778;,
  0.600954;-0.046568;0.059208;,
  0.660122;-0.023767;0.052625;,
  0.660122;-0.023767;-0.045068;,
  0.600954;-0.046568;-0.051985;,
  0.608760;-0.072914;0.035484;,
  0.661432;-0.053311;0.059100;,
  0.661432;-0.053311;-0.051785;,
  0.608760;-0.072914;-0.028260;,
  0.656580;-0.075898;-0.030184;,
  0.608618;-0.087224;0.003659;,
  0.656580;-0.075897;0.037742;,
  0.636917;0.065375;0.003778;,
  0.639155;0.063819;-0.008414;,
  0.633956;0.024633;0.003778;,
  0.636917;0.065375;0.003778;,
  0.633956;0.024633;0.003778;,
  0.639155;0.063819;0.015971;,
  0.649387;-0.082458;0.003779;,
  0.649817;0.039865;-0.029642;,
  0.649817;0.039865;0.037199;,
  0.654639;0.078037;0.003778;,
  0.654639;0.078037;0.003778;,
  0.650155;0.010797;0.041541;,
  0.650155;0.010796;-0.033984;,
  0.654695;0.071569;0.018710;,
  0.654695;0.071569;-0.011154;,
  0.663164;0.071260;0.018297;,
  0.663164;0.071260;-0.010740;,
  0.670220;0.013667;0.057672;,
  0.670220;0.013667;-0.050115;,
  0.664589;0.077815;0.003778;,
  0.664589;0.077815;0.003778;,
  0.686080;-0.080517;-0.032497;,
  0.649387;-0.082458;0.003779;,
  0.656580;-0.075898;-0.030184;,
  0.686080;-0.080517;0.040054;,
  0.656580;-0.075897;0.037742;,
  0.649387;-0.082458;0.003779;,
  0.679736;0.068246;-0.022783;,
  0.672841;0.042861;0.049465;,
  0.672841;0.042861;-0.041908;,
  0.681413;0.068246;0.030340;,
  0.670204;0.087781;0.003778;,
  0.670204;0.087781;0.003778;,
  0.693359;-0.012822;0.064391;,
  0.650155;0.010797;0.041541;,
  0.660122;-0.023767;0.052625;,
  0.693360;-0.012822;-0.056834;,
  0.660122;-0.023767;-0.045068;,
  0.650155;0.010796;-0.033984;,
  0.661432;-0.053311;-0.051785;,
  0.661432;-0.053311;0.059100;,
  0.671822;0.082466;-0.008459;,
  0.671822;0.082466;0.016015;,
  0.673448;-0.088231;0.003779;,
  0.673448;-0.088231;0.003779;,
  0.693359;-0.012822;0.064391;,
  0.693360;-0.012822;-0.056834;,
  0.699323;-0.030566;0.066030;,
  0.661432;-0.053311;-0.051785;,
  0.699324;-0.030567;-0.058472;,
  0.678992;0.087372;0.003778;,
  0.678992;0.087372;0.003778;,
  0.679736;0.068246;-0.022783;,
  0.678992;0.087372;0.003778;,
  0.678992;0.052996;0.003778;,
  0.679411;0.088487;0.003778;,
  0.678992;0.052996;0.003778;,
  0.691505;-0.061326;-0.052582;,
  0.691504;-0.061326;0.060139;,
  0.678992;0.087372;0.003778;,
  0.681413;0.068246;0.030340;,
  0.678992;0.052996;0.003778;,
  0.679411;0.088487;0.003778;,
  0.678992;0.052996;0.003778;,
  0.687561;0.093263;0.003778;,
  0.679411;0.088487;0.003778;,
  0.687561;0.093263;0.003778;,
  0.679411;0.088487;0.003778;,
  0.699324;-0.030567;-0.058472;,
  0.699323;-0.030566;0.066030;,
  0.693359;-0.012822;0.064391;,
  0.693360;-0.012822;-0.056834;,
  0.700694;0.066581;-0.024030;,
  0.710277;0.049456;-0.046867;,
  0.710276;0.049456;0.054424;,
  0.700694;0.066581;0.031587;,
  0.704754;0.075395;-0.012119;,
  0.704754;0.075395;0.019676;,
  0.689419;-0.033191;0.078156;,
  0.693359;-0.012822;0.064391;,
  0.699323;-0.030566;0.066030;,
  0.699324;-0.030567;-0.058472;,
  0.693360;-0.012822;-0.056834;,
  0.694101;-0.032412;-0.074771;,
  0.701144;0.091756;0.003778;,
  0.701144;0.091756;0.003778;,
  0.738877;-0.120248;0.003779;,
  0.738877;-0.120248;0.003779;,
  0.735818;-0.003336;0.073756;,
  0.735818;-0.003336;-0.066199;,
  0.720581;0.023442;0.068068;,
  0.720581;0.023442;-0.060511;,
  0.689419;-0.033191;0.078156;,
  0.720287;-0.045530;0.085333;,
  0.693359;-0.012822;0.064391;,
  0.694101;-0.032412;-0.074771;,
  0.693360;-0.012822;-0.056834;,
  0.720287;-0.045530;-0.077776;,
  0.689419;-0.033191;0.078156;,
  0.720287;-0.045530;0.085333;,
  0.705841;0.102995;0.013244;,
  0.701144;0.091756;0.003778;,
  0.705959;0.105983;0.003778;,
  0.701144;0.091756;0.003778;,
  0.707089;0.101179;-0.005687;,
  0.694101;-0.032412;-0.074771;,
  0.720287;-0.045530;-0.077776;,
  0.705959;0.105983;0.003778;,
  0.738684;-0.079429;0.069444;,
  0.738684;-0.079429;-0.063256;,
  0.712575;0.102288;0.012075;,
  0.712575;0.102288;-0.004518;,
  0.738080;-0.043250;0.076870;,
  0.738080;-0.043250;-0.069313;,
  0.713405;0.106837;0.003778;,
  0.713405;0.106837;0.003778;,
  0.741899;0.064426;-0.028694;,
  0.741899;0.064426;0.036251;,
  0.735818;-0.003336;0.073756;,
  0.735818;-0.003336;-0.066199;,
  0.738080;-0.043250;0.076870;,
  0.738080;-0.043250;-0.069313;,
  0.747190;0.065439;0.019036;,
  0.747190;0.065439;-0.011479;,
  0.744826;-0.107758;0.044833;,
  0.744827;-0.107758;-0.037276;,
  0.748370;0.091444;0.003778;,
  0.745820;0.050940;0.057641;,
  0.745820;0.050940;-0.050084;,
  0.739270;-0.042973;0.090241;,
  0.739270;-0.042973;-0.082684;,
  0.738080;-0.043250;0.076870;,
  0.739270;-0.042973;0.090241;,
  0.739270;-0.042973;-0.082684;,
  0.738080;-0.043250;-0.069313;,
  0.750322;0.025287;0.067735;,
  0.750323;0.025287;-0.060178;,
